990171155490206441
990175967690206441
null
990132902680206441
990132902680206441
990192072270206441
null
990159268930206441
990160224060206441
990171909010206441
990178527730206441
990178527710206441
990178334690206441
990109169280206441
990141133920206441
990048629750206441
null
990193979450206441
990176032240206441
990135658470206441
990055164530206441
990054398330206441
null
990144773020206441
990155847370206441
990164701550206441
990143022940206441
null
990056139430206441
990187846480206441
990187846510206441
990190020730206441
990190025140206441
null
990048937370206441
990192739650206441
990194218800206441
null
null
990049861680206441
990205158030206441
990149541950206441
990049235340206441
990048999210206441
990056002280206441
990048879260206441
990049004890206441
990048975680206441
null
990049690240206441
990049014380206441
990000064150306443
990049113200206441
990049113190206441
990048771930206441
990049392690206441
990049121800206441
990048856730206441
990049288610206441
990049077380206441
990048909540206441
null
990049182900206441
990049182680206441
990049162960206441
990055926770206441
990157283100206441
990049132070206441
990049144950206441
null
990049206610206441
990049075330206441
990049152120206441
990049122320206441
990049176770206441
990216281400206441
990049412970206441
990054323830206441
990054107570206441
990049418550206441
990056116610206441
990052527280206441
990052527500206441
990052527490206441
990056035470206441
990049756630206441
null
990048889760206441
990049759870206441
990056071140206441
990055472310206441
990056900000206441
null
990056086500206441
990048890930206441
990049197950206441
990049758860206441
990056071340206441
990156120930206441
990049745080206441
